endpoint,population,age,target_protocol,Cluster
0,4,0.7254190759224944,4,2
10,4,0.7254190759224944,4,0
8,4,0.7254190759224944,4,0
9,4,0.7254190759224944,4,0
11,4,0.7254190759224944,4,0
2,3,-0.3418030372095431,1,0
7,3,-0.3418030372095431,5,0
15,3,-0.3418030372095431,5,0
1,3,1.2788159913366457,7,3
2,3,1.2788159913366457,3,3
15,3,1.2788159913366457,5,3
1,1,-1.4267045979074602,6,1
2,1,-1.4267045979074602,0,1
15,1,-1.4267045979074602,4,1
4,1,-1.3032361311829757,5,1
5,1,-1.3032361311829757,7,1
6,1,-1.3032361311829757,5,1
8,1,-1.3032361311829757,5,1
9,1,-1.3032361311829757,5,1
11,1,-1.3032361311829757,5,1
12,1,-1.3032361311829757,5,1
13,1,-1.3032361311829757,5,1
14,1,-1.3032361311829757,1,1
15,1,-1.3032361311829757,5,1
0,1,-1.5475773775322987,6,1
2,1,-1.5475773775322987,6,1
4,1,-1.5475773775322987,4,1
12,1,-1.5475773775322987,4,1
0,0,1.0191585967212669,6,2
2,0,1.0191585967212669,2,3
3,0,1.0191585967212669,6,3
4,0,1.0191585967212669,4,3
5,0,1.0191585967212669,6,3
7,0,1.0191585967212669,4,3
8,0,1.0191585967212669,4,3
11,0,1.0191585967212669,6,3
12,0,1.0191585967212669,2,3
13,0,1.0191585967212669,6,3
14,0,1.0191585967212669,6,3
15,0,1.0191585967212669,4,3
0,0,1.486791747310548,0,3
2,0,1.486791747310548,4,3
4,0,1.486791747310548,2,3
8,0,1.486791747310548,4,3
11,0,1.486791747310548,6,3
12,0,1.486791747310548,4,3
13,0,1.486791747310548,6,3
14,0,1.486791747310548,6,3
15,0,1.486791747310548,4,3
1,3,0.2671870908673254,1,0
2,3,0.2671870908673254,5,0
15,3,0.2671870908673254,5,0
0,1,0.4517735673904931,4,2
1,1,0.4517735673904931,0,2
2,1,0.4517735673904931,4,0
4,1,0.4517735673904931,4,0
5,1,0.4517735673904931,0,2
10,1,0.4517735673904931,6,2
8,1,0.4517735673904931,6,2
11,1,0.4517735673904931,4,0
0,1,-1.17731866362507,0,1
1,1,-1.17731866362507,4,1
2,1,-1.17731866362507,4,1
5,1,-1.17731866362507,6,1
6,1,-1.17731866362507,4,1
9,1,-1.17731866362507,6,1
2,1,-1.209020318046763,0,1
15,1,-1.209020318046763,4,1
2,1,-1.5773707401235406,2,1
2,1,-1.5773707401235406,2,1
0,1,-1.517611347237556,6,1
1,1,-1.517611347237556,2,1
2,1,-1.517611347237556,2,1
5,1,-1.517611347237556,6,1
8,1,-1.517611347237556,4,1
9,1,-1.517611347237556,6,1
13,1,-1.517611347237556,6,1
15,1,-1.517611347237556,4,1
2,1,-1.359108315026251,5,1
2,1,-1.359108315026251,5,1
8,1,-1.359108315026251,5,1
11,1,-1.359108315026251,7,1
13,1,-1.359108315026251,7,1
14,1,-1.359108315026251,7,1
15,1,-1.359108315026251,5,1
15,1,-1.359108315026251,5,1
0,1,0.1940219729540253,6,2
1,1,0.1940219729540253,4,0
2,1,0.1940219729540253,0,0
4,1,0.1940219729540253,6,2
5,1,0.1940219729540253,6,2
6,1,0.1940219729540253,6,2
10,1,0.1940219729540253,4,0
8,1,0.1940219729540253,4,0
11,1,0.1940219729540253,0,0
12,1,0.1940219729540253,6,2
13,1,0.1940219729540253,0,0
14,1,0.1940219729540253,6,2
15,1,0.1940219729540253,4,0
0,4,0.157585754101736,6,2
1,4,0.157585754101736,4,0
2,4,0.157585754101736,6,2
4,4,0.157585754101736,4,0
5,4,0.157585754101736,6,2
6,4,0.157585754101736,4,0
10,4,0.157585754101736,4,0
8,4,0.157585754101736,4,0
11,4,0.157585754101736,6,2
12,4,0.157585754101736,4,0
13,4,0.157585754101736,0,0
14,4,0.157585754101736,6,2
15,4,0.157585754101736,0,0
3,1,-1.4267045979074602,6,1
9,1,-1.4267045979074602,0,1
0,2,0.4406320502179384,3,2
2,2,0.4406320502179384,5,2
4,2,0.4406320502179384,5,2
5,2,0.4406320502179384,5,2
7,2,0.4406320502179384,5,2
8,2,0.4406320502179384,5,2
11,2,0.4406320502179384,5,2
1,3,-0.1302896147081136,4,0
2,3,-0.1302896147081136,2,0
3,3,-0.1302896147081136,2,0
4,3,-0.1302896147081136,4,0
5,3,-0.1302896147081136,6,0
6,3,-0.1302896147081136,4,0
8,3,-0.1302896147081136,4,0
11,3,-0.1302896147081136,6,0
12,3,-0.1302896147081136,4,0
13,3,-0.1302896147081136,6,0
14,3,-0.1302896147081136,6,0
15,3,-0.1302896147081136,4,0
4,0,1.0576775469863042,1,3
12,0,1.0576775469863042,1,3
15,0,1.0576775469863042,5,3
3,0,1.026855677365162,5,3
8,0,1.026855677365162,5,3
15,0,1.026855677365162,5,3
2,1,1.447380645896264,6,3
4,1,1.447380645896264,4,3
7,1,1.447380645896264,6,3
12,1,1.447380645896264,4,3
15,1,1.447380645896264,4,3
5,1,-1.2493838607153145,3,1
0,3,0.3112715083409287,7,2
0,3,0.3112715083409287,7,2
1,3,0.3112715083409287,5,0
1,3,0.3112715083409287,5,0
4,3,0.3112715083409287,5,0
4,3,0.3112715083409287,5,0
8,3,0.3112715083409287,7,0
8,3,0.3112715083409287,7,0
9,3,0.3112715083409287,7,0
9,3,0.3112715083409287,7,0
12,3,0.3112715083409287,5,0
12,3,0.3112715083409287,5,0
14,3,0.3112715083409287,5,0
15,3,0.3112715083409287,1,0
15,3,0.3112715083409287,1,0
1,1,-1.4205915199518917,4,1
2,1,-1.4205915199518917,0,1
0,0,0.9807237230435316,7,3
3,0,0.9807237230435316,1,3
5,0,0.9807237230435316,7,3
10,0,0.9807237230435316,7,3
8,0,0.9807237230435316,5,3
11,0,0.9807237230435316,7,3
13,0,0.9807237230435316,7,3
14,0,0.9807237230435316,7,3
15,0,0.9807237230435316,5,3
0,4,1.861025017300681,6,3
1,4,1.861025017300681,4,3
2,4,1.861025017300681,6,3
5,4,1.861025017300681,6,3
10,4,1.861025017300681,6,3
8,4,1.861025017300681,4,3
11,4,1.861025017300681,6,3
13,4,1.861025017300681,6,3
14,4,1.861025017300681,6,3
2,3,-0.78942489111439,4,1
15,3,-0.78942489111439,4,0
0,1,-1.068459748860369,6,1
1,1,-1.068459748860369,2,1
2,1,-1.068459748860369,2,1
4,1,-1.068459748860369,4,1
12,1,-1.068459748860369,4,1
1,2,0.1940219729540253,4,0
2,2,0.1940219729540253,4,0
4,2,0.1940219729540253,0,2
5,2,0.1940219729540253,4,0
6,2,0.1940219729540253,4,0
10,2,0.1940219729540253,4,0
8,2,0.1940219729540253,4,0
9,2,0.1940219729540253,4,0
11,2,0.1940219729540253,6,2
12,2,0.1940219729540253,6,2
13,2,0.1940219729540253,6,2
0,4,1.2515155391667068,1,3
1,4,1.2515155391667068,5,3
2,4,1.2515155391667068,5,3
4,4,1.2515155391667068,7,3
5,4,1.2515155391667068,5,3
7,4,1.2515155391667068,5,3
8,4,1.2515155391667068,5,3
9,4,1.2515155391667068,5,3
11,4,1.2515155391667068,5,3
12,4,1.2515155391667068,5,3
13,4,1.2515155391667068,1,3
14,4,1.2515155391667068,7,3
15,4,1.2515155391667068,5,3
4,3,0.6086246418839385,5,0
7,3,0.6086246418839385,5,0
15,3,0.6086246418839385,5,0
0,3,-0.3418030372095431,4,0
1,3,-0.3418030372095431,4,0
2,3,-0.3418030372095431,4,0
0,1,0.230555998382388,6,2
1,1,0.230555998382388,4,0
5,1,0.230555998382388,6,2
6,1,0.230555998382388,0,0
10,1,0.230555998382388,4,0
8,1,0.230555998382388,4,0
11,1,0.230555998382388,0,0
13,1,0.230555998382388,0,0
14,1,0.230555998382388,6,2
15,1,0.230555998382388,4,0
0,1,-1.535611527138336,6,1
1,1,-1.535611527138336,4,1
2,1,-1.535611527138336,4,1
3,1,-1.535611527138336,2,1
8,1,-1.535611527138336,0,1
13,1,-1.535611527138336,0,1
15,1,-1.535611527138336,4,1
0,1,-1.5773707401235406,4,1
1,1,-1.5773707401235406,4,1
2,1,-1.5773707401235406,4,1
15,1,-1.5773707401235406,4,1
15,1,-1.209020318046763,4,1
1,2,0.8659288675704958,5,2
2,2,0.8659288675704958,5,2
4,2,0.8659288675704958,5,2
5,2,0.8659288675704958,3,2
10,2,0.8659288675704958,3,2
8,2,0.8659288675704958,5,2
9,2,0.8659288675704958,3,2
12,2,0.8659288675704958,5,2
14,2,0.8659288675704958,7,2
15,2,0.8659288675704958,5,3
0,2,0.8278356461430384,1,2
1,2,0.8278356461430384,5,2
2,2,0.8278356461430384,1,2
4,2,0.8278356461430384,5,2
5,2,0.8278356461430384,7,2
8,2,0.8278356461430384,5,2
11,2,0.8278356461430384,7,2
12,2,0.8278356461430384,5,2
13,2,0.8278356461430384,7,2
14,2,0.8278356461430384,7,2
15,2,0.8278356461430384,5,3
0,2,0.5262631421190631,6,2
2,2,0.5262631421190631,4,2
5,2,0.5262631421190631,6,2
6,2,0.5262631421190631,0,2
9,2,0.5262631421190631,6,2
15,2,0.5262631421190631,4,0
2,0,1.2983405447871657,3,3
4,0,1.2983405447871657,7,3
12,0,1.2983405447871657,5,3
15,0,1.2983405447871657,5,3
0,1,-1.3219158863842422,7,1
1,1,-1.3219158863842422,3,1
2,1,-1.3219158863842422,5,1
5,1,-1.3219158863842422,7,1
6,1,-1.3219158863842422,3,1
8,1,-1.3219158863842422,5,1
9,1,-1.3219158863842422,7,1
11,1,-1.3219158863842422,7,1
13,1,-1.3219158863842422,7,1
14,1,-1.3219158863842422,7,1
15,1,-1.3219158863842422,5,1
0,3,-0.6718318419522028,6,0
1,3,-0.6718318419522028,0,0
2,3,-0.6718318419522028,6,0
3,3,-0.6718318419522028,6,0
5,3,-0.6718318419522028,0,0
6,3,-0.6718318419522028,4,0
7,3,-0.6718318419522028,0,0
8,3,-0.6718318419522028,0,0
9,3,-0.6718318419522028,4,0
11,3,-0.6718318419522028,6,0
13,3,-0.6718318419522028,6,0
15,3,-0.6718318419522028,4,0
2,1,-1.5773707401235406,6,1
0,1,-1.5475773775322987,6,1
2,1,-1.5475773775322987,6,1
0,4,0.3039145239045427,6,2
1,4,0.3039145239045427,4,0
2,4,0.3039145239045427,4,0
5,4,0.3039145239045427,6,2
6,4,0.3039145239045427,6,2
10,4,0.3039145239045427,4,0
15,4,0.3039145239045427,4,0
0,3,-0.4322327958856602,6,0
1,3,-0.4322327958856602,0,0
4,3,-0.4322327958856602,4,0
5,3,-0.4322327958856602,6,0
6,3,-0.4322327958856602,6,0
9,3,-0.4322327958856602,6,0
12,3,-0.4322327958856602,0,0
15,3,-0.4322327958856602,2,0
0,2,0.6537335472660373,5,2
2,2,0.6537335472660373,5,2
4,2,0.6537335472660373,5,2
5,2,0.6537335472660373,7,2
6,2,0.6537335472660373,7,2
8,2,0.6537335472660373,5,2
14,2,0.6537335472660373,7,2
1,1,-1.535611527138336,0,1
2,1,-1.535611527138336,0,1
5,1,-1.535611527138336,6,1
6,1,-1.535611527138336,4,1
9,1,-1.535611527138336,0,1
0,3,-0.0946641625138481,7,0
1,3,-0.0946641625138481,7,0
2,3,-0.0946641625138481,3,0
6,3,-0.0946641625138481,3,0
8,3,-0.0946641625138481,1,0
9,3,-0.0946641625138481,3,0
11,3,-0.0946641625138481,5,0
13,3,-0.0946641625138481,5,0
15,3,-0.0946641625138481,5,0
2,3,-1.4389112804164368,4,1
5,3,-1.4389112804164368,4,1
6,3,-1.4389112804164368,4,1
8,3,-1.4389112804164368,6,1
11,3,-1.4389112804164368,4,1
13,3,-1.4389112804164368,4,1
14,3,-1.4389112804164368,2,1
