endpoint,population,age
0,4,0.7254190759224944
10,4,0.7254190759224944
8,4,0.7254190759224944
9,4,0.7254190759224944
11,4,0.7254190759224944
2,3,-0.3418030372095431
7,3,-0.3418030372095431
15,3,-0.3418030372095431
1,3,1.2788159913366457
2,3,1.2788159913366457
15,3,1.2788159913366457
1,1,-1.4267045979074602
2,1,-1.4267045979074602
15,1,-1.4267045979074602
4,1,-1.3032361311829757
5,1,-1.3032361311829757
6,1,-1.3032361311829757
8,1,-1.3032361311829757
9,1,-1.3032361311829757
11,1,-1.3032361311829757
12,1,-1.3032361311829757
13,1,-1.3032361311829757
14,1,-1.3032361311829757
15,1,-1.3032361311829757
0,1,-1.5475773775322987
2,1,-1.5475773775322987
4,1,-1.5475773775322987
12,1,-1.5475773775322987
0,0,1.0191585967212669
2,0,1.0191585967212669
3,0,1.0191585967212669
4,0,1.0191585967212669
5,0,1.0191585967212669
7,0,1.0191585967212669
8,0,1.0191585967212669
11,0,1.0191585967212669
12,0,1.0191585967212669
13,0,1.0191585967212669
14,0,1.0191585967212669
15,0,1.0191585967212669
0,0,1.486791747310548
2,0,1.486791747310548
4,0,1.486791747310548
8,0,1.486791747310548
11,0,1.486791747310548
12,0,1.486791747310548
13,0,1.486791747310548
14,0,1.486791747310548
15,0,1.486791747310548
1,3,0.2671870908673254
2,3,0.2671870908673254
15,3,0.2671870908673254
0,1,0.4517735673904931
1,1,0.4517735673904931
2,1,0.4517735673904931
4,1,0.4517735673904931
5,1,0.4517735673904931
10,1,0.4517735673904931
8,1,0.4517735673904931
11,1,0.4517735673904931
0,1,-1.17731866362507
1,1,-1.17731866362507
2,1,-1.17731866362507
5,1,-1.17731866362507
6,1,-1.17731866362507
9,1,-1.17731866362507
2,1,-1.209020318046763
15,1,-1.209020318046763
2,1,-1.5773707401235406
2,1,-1.5773707401235406
0,1,-1.517611347237556
1,1,-1.517611347237556
2,1,-1.517611347237556
5,1,-1.517611347237556
8,1,-1.517611347237556
9,1,-1.517611347237556
13,1,-1.517611347237556
15,1,-1.517611347237556
2,1,-1.359108315026251
2,1,-1.359108315026251
8,1,-1.359108315026251
11,1,-1.359108315026251
13,1,-1.359108315026251
14,1,-1.359108315026251
15,1,-1.359108315026251
15,1,-1.359108315026251
0,1,0.1940219729540253
1,1,0.1940219729540253
2,1,0.1940219729540253
4,1,0.1940219729540253
5,1,0.1940219729540253
6,1,0.1940219729540253
10,1,0.1940219729540253
8,1,0.1940219729540253
11,1,0.1940219729540253
12,1,0.1940219729540253
13,1,0.1940219729540253
14,1,0.1940219729540253
15,1,0.1940219729540253
0,4,0.157585754101736
1,4,0.157585754101736
2,4,0.157585754101736
4,4,0.157585754101736
5,4,0.157585754101736
6,4,0.157585754101736
10,4,0.157585754101736
8,4,0.157585754101736
11,4,0.157585754101736
12,4,0.157585754101736
13,4,0.157585754101736
14,4,0.157585754101736
15,4,0.157585754101736
3,1,-1.4267045979074602
9,1,-1.4267045979074602
0,2,0.4406320502179384
2,2,0.4406320502179384
4,2,0.4406320502179384
5,2,0.4406320502179384
7,2,0.4406320502179384
8,2,0.4406320502179384
11,2,0.4406320502179384
1,3,-0.1302896147081136
2,3,-0.1302896147081136
3,3,-0.1302896147081136
4,3,-0.1302896147081136
5,3,-0.1302896147081136
6,3,-0.1302896147081136
8,3,-0.1302896147081136
11,3,-0.1302896147081136
12,3,-0.1302896147081136
13,3,-0.1302896147081136
14,3,-0.1302896147081136
15,3,-0.1302896147081136
4,0,1.0576775469863042
12,0,1.0576775469863042
15,0,1.0576775469863042
3,0,1.026855677365162
8,0,1.026855677365162
15,0,1.026855677365162
2,1,1.447380645896264
4,1,1.447380645896264
7,1,1.447380645896264
12,1,1.447380645896264
15,1,1.447380645896264
5,1,-1.2493838607153145
0,3,0.3112715083409287
0,3,0.3112715083409287
1,3,0.3112715083409287
1,3,0.3112715083409287
4,3,0.3112715083409287
4,3,0.3112715083409287
8,3,0.3112715083409287
8,3,0.3112715083409287
9,3,0.3112715083409287
9,3,0.3112715083409287
12,3,0.3112715083409287
12,3,0.3112715083409287
14,3,0.3112715083409287
15,3,0.3112715083409287
15,3,0.3112715083409287
1,1,-1.4205915199518917
2,1,-1.4205915199518917
0,0,0.9807237230435316
3,0,0.9807237230435316
5,0,0.9807237230435316
10,0,0.9807237230435316
8,0,0.9807237230435316
11,0,0.9807237230435316
13,0,0.9807237230435316
14,0,0.9807237230435316
15,0,0.9807237230435316
0,4,1.861025017300681
1,4,1.861025017300681
2,4,1.861025017300681
5,4,1.861025017300681
10,4,1.861025017300681
8,4,1.861025017300681
11,4,1.861025017300681
13,4,1.861025017300681
14,4,1.861025017300681
2,3,-0.78942489111439
15,3,-0.78942489111439
0,1,-1.068459748860369
1,1,-1.068459748860369
2,1,-1.068459748860369
4,1,-1.068459748860369
12,1,-1.068459748860369
1,2,0.1940219729540253
2,2,0.1940219729540253
4,2,0.1940219729540253
5,2,0.1940219729540253
6,2,0.1940219729540253
10,2,0.1940219729540253
8,2,0.1940219729540253
9,2,0.1940219729540253
11,2,0.1940219729540253
12,2,0.1940219729540253
13,2,0.1940219729540253
0,4,1.2515155391667068
1,4,1.2515155391667068
2,4,1.2515155391667068
4,4,1.2515155391667068
5,4,1.2515155391667068
7,4,1.2515155391667068
8,4,1.2515155391667068
9,4,1.2515155391667068
11,4,1.2515155391667068
12,4,1.2515155391667068
13,4,1.2515155391667068
14,4,1.2515155391667068
15,4,1.2515155391667068
4,3,0.6086246418839385
7,3,0.6086246418839385
15,3,0.6086246418839385
0,3,-0.3418030372095431
1,3,-0.3418030372095431
2,3,-0.3418030372095431
0,1,0.230555998382388
1,1,0.230555998382388
5,1,0.230555998382388
6,1,0.230555998382388
10,1,0.230555998382388
8,1,0.230555998382388
11,1,0.230555998382388
13,1,0.230555998382388
14,1,0.230555998382388
15,1,0.230555998382388
0,1,-1.535611527138336
1,1,-1.535611527138336
2,1,-1.535611527138336
3,1,-1.535611527138336
8,1,-1.535611527138336
13,1,-1.535611527138336
15,1,-1.535611527138336
0,1,-1.5773707401235406
1,1,-1.5773707401235406
2,1,-1.5773707401235406
15,1,-1.5773707401235406
15,1,-1.209020318046763
1,2,0.8659288675704958
2,2,0.8659288675704958
4,2,0.8659288675704958
5,2,0.8659288675704958
10,2,0.8659288675704958
8,2,0.8659288675704958
9,2,0.8659288675704958
12,2,0.8659288675704958
14,2,0.8659288675704958
15,2,0.8659288675704958
0,2,0.8278356461430384
1,2,0.8278356461430384
2,2,0.8278356461430384
4,2,0.8278356461430384
5,2,0.8278356461430384
8,2,0.8278356461430384
11,2,0.8278356461430384
12,2,0.8278356461430384
13,2,0.8278356461430384
14,2,0.8278356461430384
15,2,0.8278356461430384
0,2,0.5262631421190631
2,2,0.5262631421190631
5,2,0.5262631421190631
6,2,0.5262631421190631
9,2,0.5262631421190631
15,2,0.5262631421190631
2,0,1.2983405447871657
4,0,1.2983405447871657
12,0,1.2983405447871657
15,0,1.2983405447871657
0,1,-1.3219158863842422
1,1,-1.3219158863842422
2,1,-1.3219158863842422
5,1,-1.3219158863842422
6,1,-1.3219158863842422
8,1,-1.3219158863842422
9,1,-1.3219158863842422
11,1,-1.3219158863842422
13,1,-1.3219158863842422
14,1,-1.3219158863842422
15,1,-1.3219158863842422
0,3,-0.6718318419522028
1,3,-0.6718318419522028
2,3,-0.6718318419522028
3,3,-0.6718318419522028
5,3,-0.6718318419522028
6,3,-0.6718318419522028
7,3,-0.6718318419522028
8,3,-0.6718318419522028
9,3,-0.6718318419522028
11,3,-0.6718318419522028
13,3,-0.6718318419522028
15,3,-0.6718318419522028
2,1,-1.5773707401235406
0,1,-1.5475773775322987
2,1,-1.5475773775322987
0,4,0.3039145239045427
1,4,0.3039145239045427
2,4,0.3039145239045427
5,4,0.3039145239045427
6,4,0.3039145239045427
10,4,0.3039145239045427
15,4,0.3039145239045427
0,3,-0.4322327958856602
1,3,-0.4322327958856602
4,3,-0.4322327958856602
5,3,-0.4322327958856602
6,3,-0.4322327958856602
9,3,-0.4322327958856602
12,3,-0.4322327958856602
15,3,-0.4322327958856602
0,2,0.6537335472660373
2,2,0.6537335472660373
4,2,0.6537335472660373
5,2,0.6537335472660373
6,2,0.6537335472660373
8,2,0.6537335472660373
14,2,0.6537335472660373
1,1,-1.535611527138336
2,1,-1.535611527138336
5,1,-1.535611527138336
6,1,-1.535611527138336
9,1,-1.535611527138336
0,3,-0.0946641625138481
1,3,-0.0946641625138481
2,3,-0.0946641625138481
6,3,-0.0946641625138481
8,3,-0.0946641625138481
9,3,-0.0946641625138481
11,3,-0.0946641625138481
13,3,-0.0946641625138481
15,3,-0.0946641625138481
2,3,-1.4389112804164368
5,3,-1.4389112804164368
6,3,-1.4389112804164368
8,3,-1.4389112804164368
11,3,-1.4389112804164368
13,3,-1.4389112804164368
14,3,-1.4389112804164368
